h0 = 20;  % m

x0 =    [ ...
                0;
                0;
                -h0;
                24.92;
                0;
                2.06;
                0;
                0.0823;
                0;
                zeros(3,1);
        ];